Memory status at the starting point: 1.62891Mb
Memory status after loading data: 321.91Mb
Consumption amount: 320.281Mb
Loading time: 19.9248s
execute query 1
Query results: 
||Sq|sid                 ts                  x                   y                   z                   v                   a                   vx                  vy                  vz                  ax                  ay                  az                  
-------------------------------------------------------------------------------------------------------------------------------------------------------------------------------------------------------------------------------------------------------------------------
||1 |98                  10629342490369879   26406               -6869               1070                1166235             7161971             -5706               3485                -7435               -2410               -8454               -4765               |
||2 |98                  10629347605342274   26406               -6869               1070                1166235             7161971             -5706               3485                -7435               -2410               -8454               -4765               |
||3 |98                  10629352720314738   26406               -6869               1070                1166235             7161971             -5706               3485                -7435               -2410               -8454               -4765               |
||4 |98                  10629357835286658   26406               -6869               1070                1166235             7161971             -5706               3485                -7435               -2410               -8454               -4765               |
||5 |98                  10629362950259427   26406               -6869               1070                1166235             7161971             -5706               3485                -7435               -2410               -8454               -4765               |
||6 |98                  10629368065231435   26406               -6869               1070                1166235             7161971             -5706               3485                -7435               -2410               -8454               -4765               |
||7 |98                  10629373180203890   26406               -6869               1070                1166235             7161971             -5706               3485                -7435               -2410               -8454               -4765               |
||8 |98                  10629378295176356   26406               -6869               1070                1166235             7161971             -5706               3485                -7435               -2410               -8454               -4765               |
||9 |98                  10629383410148822   26406               -6869               1070                1166235             7161971             -5706               3485                -7435               -2410               -8454               -4765               |
||10|69                  10632024809835772   27679               -221                1011                553570              2481132             -9441               2048                2580                -8913               1107                4396                |
||11|69                  10632029737813340   27679               -221                1011                553570              2481132             -9441               2048                2580                -8913               1107                4396                |
||12|19                  10633811911716270   26416               -6156               258                 141603              523633              7167                1041                6895                3463                -7555               5560                |
||13|67                  10634726820637202   26679               -578                197                 170867              685864              1416                -1141               -9833               8312                -1441               -5369               |
||14|67                  10634731737624712   26679               -580                194                 140437              607509              2074                -855                -9744               9661                2063                -1549               |
||15|66                  10634732514566388   27813               -558                67                  142069              1233916             -5400               -636                8392                -158                -7878               6156                |
||16|75                  10634735140223609   26254               -1097               -154                82907               837089              -539                9671                2485                7827                6169                -816                |
||17|67                  10634736654612317   26679               -580                192                 150530              668588              2205                -473                -9742               9189                3206                -2296               |
||18|66                  10634737426529044   27813               -558                69                  121712              1513838             -2211               -52                 9752                7855                -3696               4961                |
||19|65                  10634738740592737   28258               -893                439                 53656               885053              5930                450                 8038                8042                5909                -626                |

Total records avalable: 1048576
Running time of query 1: 7.91622s
Memory status after running query 1: 381.223Mb
Consumption amount: 59.3125Mb
execute query 2
Query results: 
||Sq|sid                 ts                  x                   y                   z                   v                   a                   vx                  vy                  vz                  ax                  ay                  az                  
-------------------------------------------------------------------------------------------------------------------------------------------------------------------------------------------------------------------------------------------------------------------------
||1 |8                   10634848695588861   -7164               -9401               102                 116611              3964665             5813                -1480               -8000               7421                -1230               -6588               |
||2 |8                   10634849207585264   -7163               -9401               102                 159296              6862219             5625                -4607               -6864               6357                -6472               -4205               |
||3 |8                   10634849719581239   -7164               -9401               103                 65796               5193513             -2594               4962                -8284               -7252               5899                -3548               |
||4 |8                   10634850231577522   -7165               -9400               103                 119023              10097872            -6702               5601                -4867               -8330               5211                -1856               |
||5 |10                  10634850643978409   -5080               15892               -518                60692               6961441             -77                 8888                4581                -4550               8809                -1297               |
||6 |8                   10634850743573653   -7165               -9401               102                 139342              10995685            -7888               1914                -5839               -9585               1946                -2079               |
||7 |10                  10634851171975266   -5080               15892               -517                108323              9164369             -842                8008                5928                -3941               9188                -199                |
||8 |8                   10634851255569598   -7165               -9401               103                 145480              11455587            -8464               155                 -5322               -9810               242                 -1924               |
||9 |10                  10634851699972065   -5080               15892               -517                119552              9037668             1430                8209                5527                -1443               9894                -150                |
||10|8                   10634851767565854   -7165               -9401               103                 109212              8516370             -8190               2165                -5312               -9502               2255                -2148               |
||11|10                  10634852227969152   -5080               15892               -518                78774               3715960             7788                2674                5674                5949                7896                -1500               |
||12|8                   10634852279562002   -7164               -9401               104                 82495               6223039             -7565               3193                -5706               -9035               3413                -2591               |
||13|4                   10634852504316452   25564               -2541               304                 90891               7915016             9425                -2868               -1713               7678                -2886               -5718               |
||14|10                  10634852755966008   -5079               15891               -520                235365              15433202            8798                -4690               -768                8872                -4465               -1159               |
||15|8                   10634852791558060   -7164               -9401               103                 103662              3932294             3109                -4028               -8608               4582                -6514               -6047               |
||16|4                   10634852992361221   25564               -2541               304                 116807              9174813             8479                -3911               -3577               7460                -3836               -5442               |
||17|10                  10634853283962796   -5079               15891               -521                282591              17854645            8297                -4919               -2634               8523                -4978               -1601               |
||18|8                   10634853303554097   -7163               -9402               101                 241465              14295527            5353                -6618               -5247               6294                -7474               -2123               |
||19|4                   10634853480406055   25564               -2541               304                 155743              11589365            9181                -3039               -2541               8549                -2971               -4251               |

Total records avalable: 446885
Running time of query 2: 6.63315s
Memory status after running query 2: 466.664Mb
Consumption amount: 85.4414Mb
execute query 3
sensors rowid to its remaining actual value
| A | B |
0|4|
Query results: 
||Sq|sid                 ts                  x                   y                   z                   v                   a                   vx                  vy                  vz                  ax                  ay                  az                  
-------------------------------------------------------------------------------------------------------------------------------------------------------------------------------------------------------------------------------------------------------------------------
||1 |4                   10634852504316452   25564               -2541               304                 90891               7915016             9425                -2868               -1713               7678                -2886               -5718               |
||2 |4                   10634852992361221   25564               -2541               304                 116807              9174813             8479                -3911               -3577               7460                -3836               -5442               |
||3 |4                   10634853480406055   25564               -2541               304                 155743              11589365            9181                -3039               -2541               8549                -2971               -4251               |
||4 |4                   10634853968450824   25565               -2541               304                 135830              9893434             9301                -2799               -2375               8338                -2734               -4794               |
||5 |4                   10634854456495249   25564               -2541               305                 81091               6268748             8477                -3791               -3708               5666                -3470               -7473               |
||6 |4                   10634854944540109   25564               -2541               308                 64398               3343073             2497                -2653               9312                -2062               -3720               -9049               |
||7 |4                   10634855432584790   25564               -2541               310                 140402              8573456             -5239               3986                7526                -8685               4241                -2562               |
||8 |4                   10634855920629405   25564               -2541               310                 156006              9567163             -5655               4325                7022                -8662               4480                -2208               |
||9 |4                   10634856408674100   25564               -2541               309                 56833               4601967             -2622               -4669               8445                -5502               -4506               -7029               |
||10|4                   10634856896718988   25565               -2541               308                 26502               4020885             5148                -6177               5944                -671                -3139               -9470               |
||11|4                   10634857384763436   25565               -2542               308                 72900               5882917             9218                -3854               -390                6349                -3223               -7020               |
||12|4                   10634857872808216   25565               -2542               309                 105753              7559784             4874                -8654               1157                3027                -8064               -5078               |
||13|4                   10634858360852951   25565               -2542               310                 104836              6861803             4731                -8266               3046                2945                -8112               -5050               |
||14|4                   10634858848897690   25565               -2542               311                 92733               5254976             1786                -7551               6306                -1065               -8181               -5650               |
||15|4                   10634859336942346   25565               -2543               311                 103612              7885628             -4643               -7587               4568                -6819               -6105               -4026               |
||16|4                   10634859824986831   25565               -2543               312                 114642              8699472             -7051               -4604               5391                -8793               -3392               -3341               |
||17|4                   10634860313031441   25565               -2542               314                 175220              11793893            -7590               2066                6173                -9513               2546                -1737               |
||18|4                   10634860801076331   25565               -2542               314                 209971              14202194            -7118               4895                5036                -8431               5170                -1474               |
||19|4                   10634861289121181   25565               -2541               315                 221249              14009009            -6170               5900                5206                -7548               6414                -1369               |
Total records avalable: 138206
Running time of query 3: 6.63106s
Memory status after running query 3: 466.922Mb
Consumption amount: 0.257812Mb