+---+-----------------+-----+----+---+------+-------+----+-----+-----+-----+-----+-----+---+---+----+
|sid|               ts|    x|   y|  z|     v|      a|  vx|   vy|   vz|   ax|   ay|   az|sid|eid|type|
+---+-----------------+-----+----+---+------+-------+----+-----+-----+-----+-----+-----+---+---+----+
| 65|10634738740592737|28258|-893|439| 53656| 885053|5930|  450| 8038| 8042| 5909| -626| 65| 15|   2|
| 65|10634743644610012|28259|-893|443| 72231| 735242|5443|-1940| 8161| 9913| 1255|  371| 65| 15|   2|
| 65|10634748548627860|28259|-893|443| 70532| 975506|6962| -116| 7176| 9160| 3997| -320| 65| 15|   2|
| 65|10634753452644011|28259|-892|447|101603| 568366|3694|-2367| 8986| 7979|-4452| 4062| 65| 15|   2|
| 65|10634758356661915|28258|-892|446| 65741| 288453|-120|-1322| 9911|-9471| 2364| 2169| 65| 15|   2|
| 65|10634763260678907|28258|-893|445| 78344| 673509|2167|-6051| 7660|  690|-9960|  550| 65| 15|   2|
| 65|10634768164695967|28257|-893|446| 76801| 460229|3532|-4746| 8061| 5876|-8048|  832| 65| 15|   2|
| 65|10634773068713445|28257|-893|446| 84043| 660512|5535|-3589| 7514| 9628|-2639|  561| 65| 15|   2|
| 65|10634777972730683|28257|-893|443| 34413| 380401|6586|-3890| 6440| 5901| 5798|-5616| 65| 15|   2|
| 65|10634782876749011|28257|-893|445| 49911| 394395|4381| -597| 8969| 4039| 8981|-1733| 65| 15|   2|
| 65|10634787780765168|28256|-894|437| 72389| 759616|3026|-5020|-8101| 3498|-1949|-9163| 65| 15|   2|
| 65|10634792684782681|28258|-893|439| 74350|1277883|9126|-1226|-3899| 8556| 3301|-3986| 65| 15|   2|
| 65|10634797588799783|28258|-893|440| 85619|1606462|9602| 2640|  908| 7826| 6003|-1647| 65| 15|   2|
| 65|10634802492816705|28256|-894|437| 53413| 696225|3521| -482|-9347|  205| 5299|-8477| 65| 15|   2|
| 65|10634807396833926|28257|-895|441| 72532| 829488|8791|-4763| -146| 8630|-3835|-3285| 65| 15|   2|
| 65|10634812300851607|28257|-894|444| 58378| 532766|9431|-2120| 2560| 9237| 1690|-3437| 65| 15|   2|
| 65|10634817204868420|28257|-895|443| 93689|1206017|6181|-7782|-1100| 3749|-8882|-2655| 65| 15|   2|
| 65|10634822108885683|28256|-895|442| 47488| 478200|5284|-7984|-2885|-2892|-6621|-6912| 65| 15|   2|
| 65|10634827012903689|28257|-894|446| 39857| 345880|5881|-7883| 1807|-5468|-5871|-5967| 65| 15|   2|
| 65|10634831916920740|28257|-895|444| 61450| 911993|1608|-9788|-1266|-4808|-8226|-3032| 65| 15|   2|
+---+-----------------+-----+----+---+------+-------+----+-----+-----+-----+-----+-----+---+---+----+
only showing top 20 rows

Time to run query q1 is: 11s
+--------+                                                                      
|count(1)|
+--------+
| 1048576|
+--------+

Time to run query Total records of q1 is: 11s
+---+-----------------+-----+-----+---+------+--------+-----+-----+-----+-----+-----+-----+---+---+----+
|sid|               ts|    x|    y|  z|     v|       a|   vx|   vy|   vz|   ax|   ay|   az|sid|eid|type|
+---+-----------------+-----+-----+---+------+--------+-----+-----+-----+-----+-----+-----+---+---+----+
|  4|10634852504316452|25564|-2541|304| 90891| 7915016| 9425|-2868|-1713| 7678|-2886|-5718|  4|  1|   1|
|  4|10634852992361221|25564|-2541|304|116807| 9174813| 8479|-3911|-3577| 7460|-3836|-5442|  4|  1|   1|
|  4|10634853480406055|25564|-2541|304|155743|11589365| 9181|-3039|-2541| 8549|-2971|-4251|  4|  1|   1|
|  4|10634853968450824|25565|-2541|304|135830| 9893434| 9301|-2799|-2375| 8338|-2734|-4794|  4|  1|   1|
|  4|10634854456495249|25564|-2541|305| 81091| 6268748| 8477|-3791|-3708| 5666|-3470|-7473|  4|  1|   1|
|  4|10634854944540109|25564|-2541|308| 64398| 3343073| 2497|-2653| 9312|-2062|-3720|-9049|  4|  1|   1|
|  4|10634855432584790|25564|-2541|310|140402| 8573456|-5239| 3986| 7526|-8685| 4241|-2562|  4|  1|   1|
|  4|10634855920629405|25564|-2541|310|156006| 9567163|-5655| 4325| 7022|-8662| 4480|-2208|  4|  1|   1|
|  4|10634856408674100|25564|-2541|309| 56833| 4601967|-2622|-4669| 8445|-5502|-4506|-7029|  4|  1|   1|
|  4|10634856896718988|25565|-2541|308| 26502| 4020885| 5148|-6177| 5944| -671|-3139|-9470|  4|  1|   1|
|  4|10634857384763436|25565|-2542|308| 72900| 5882917| 9218|-3854| -390| 6349|-3223|-7020|  4|  1|   1|
|  4|10634857872808216|25565|-2542|309|105753| 7559784| 4874|-8654| 1157| 3027|-8064|-5078|  4|  1|   1|
|  4|10634858360852951|25565|-2542|310|104836| 6861803| 4731|-8266| 3046| 2945|-8112|-5050|  4|  1|   1|
|  4|10634858848897690|25565|-2542|311| 92733| 5254976| 1786|-7551| 6306|-1065|-8181|-5650|  4|  1|   1|
|  4|10634859336942346|25565|-2543|311|103612| 7885628|-4643|-7587| 4568|-6819|-6105|-4026|  4|  1|   1|
|  4|10634859824986831|25565|-2543|312|114642| 8699472|-7051|-4604| 5391|-8793|-3392|-3341|  4|  1|   1|
|  4|10634860313031441|25565|-2542|314|175220|11793893|-7590| 2066| 6173|-9513| 2546|-1737|  4|  1|   1|
|  4|10634860801076331|25565|-2542|314|209971|14202194|-7118| 4895| 5036|-8431| 5170|-1474|  4|  1|   1|
|  4|10634861289121181|25565|-2541|315|221249|14009009|-6170| 5900| 5206|-7548| 6414|-1369|  4|  1|   1|
|  4|10634861777165853|25565|-2542|316|205834|11307579|-6596| 3224| 6789|-9105| 3917|-1319|  4|  1|   1|
+---+-----------------+-----+-----+---+------+--------+-----+-----+-----+-----+-----+-----+---+---+----+
only showing top 20 rows

Time to run query q2 is: 10s
+--------+                                                                      
|count(1)|
+--------+
|  446885|
+--------+

Time to run query Total records of q2 is: 10s
+---+-----------------+-----+-----+---+------+--------+-----+-----+-----+-----+-----+-----+---+---+----+---+------+----+
|sid|               ts|    x|    y|  z|     v|       a|   vx|   vy|   vz|   ax|   ay|   az|sid|eid|type|eid|  name|type|
+---+-----------------+-----+-----+---+------+--------+-----+-----+-----+-----+-----+-----+---+---+----+---+------+----+
|  4|10634852504316452|25564|-2541|304| 90891| 7915016| 9425|-2868|-1713| 7678|-2886|-5718|  4|  1|   1|  1|Ball 1|   1|
|  4|10634852992361221|25564|-2541|304|116807| 9174813| 8479|-3911|-3577| 7460|-3836|-5442|  4|  1|   1|  1|Ball 1|   1|
|  4|10634853480406055|25564|-2541|304|155743|11589365| 9181|-3039|-2541| 8549|-2971|-4251|  4|  1|   1|  1|Ball 1|   1|
|  4|10634853968450824|25565|-2541|304|135830| 9893434| 9301|-2799|-2375| 8338|-2734|-4794|  4|  1|   1|  1|Ball 1|   1|
|  4|10634854456495249|25564|-2541|305| 81091| 6268748| 8477|-3791|-3708| 5666|-3470|-7473|  4|  1|   1|  1|Ball 1|   1|
|  4|10634854944540109|25564|-2541|308| 64398| 3343073| 2497|-2653| 9312|-2062|-3720|-9049|  4|  1|   1|  1|Ball 1|   1|
|  4|10634855432584790|25564|-2541|310|140402| 8573456|-5239| 3986| 7526|-8685| 4241|-2562|  4|  1|   1|  1|Ball 1|   1|
|  4|10634855920629405|25564|-2541|310|156006| 9567163|-5655| 4325| 7022|-8662| 4480|-2208|  4|  1|   1|  1|Ball 1|   1|
|  4|10634856408674100|25564|-2541|309| 56833| 4601967|-2622|-4669| 8445|-5502|-4506|-7029|  4|  1|   1|  1|Ball 1|   1|
|  4|10634856896718988|25565|-2541|308| 26502| 4020885| 5148|-6177| 5944| -671|-3139|-9470|  4|  1|   1|  1|Ball 1|   1|
|  4|10634857384763436|25565|-2542|308| 72900| 5882917| 9218|-3854| -390| 6349|-3223|-7020|  4|  1|   1|  1|Ball 1|   1|
|  4|10634857872808216|25565|-2542|309|105753| 7559784| 4874|-8654| 1157| 3027|-8064|-5078|  4|  1|   1|  1|Ball 1|   1|
|  4|10634858360852951|25565|-2542|310|104836| 6861803| 4731|-8266| 3046| 2945|-8112|-5050|  4|  1|   1|  1|Ball 1|   1|
|  4|10634858848897690|25565|-2542|311| 92733| 5254976| 1786|-7551| 6306|-1065|-8181|-5650|  4|  1|   1|  1|Ball 1|   1|
|  4|10634859336942346|25565|-2543|311|103612| 7885628|-4643|-7587| 4568|-6819|-6105|-4026|  4|  1|   1|  1|Ball 1|   1|
|  4|10634859824986831|25565|-2543|312|114642| 8699472|-7051|-4604| 5391|-8793|-3392|-3341|  4|  1|   1|  1|Ball 1|   1|
|  4|10634860313031441|25565|-2542|314|175220|11793893|-7590| 2066| 6173|-9513| 2546|-1737|  4|  1|   1|  1|Ball 1|   1|
|  4|10634860801076331|25565|-2542|314|209971|14202194|-7118| 4895| 5036|-8431| 5170|-1474|  4|  1|   1|  1|Ball 1|   1|
|  4|10634861289121181|25565|-2541|315|221249|14009009|-6170| 5900| 5206|-7548| 6414|-1369|  4|  1|   1|  1|Ball 1|   1|
|  4|10634861777165853|25565|-2542|316|205834|11307579|-6596| 3224| 6789|-9105| 3917|-1319|  4|  1|   1|  1|Ball 1|   1|
+---+-----------------+-----+-----+---+------+--------+-----+-----+-----+-----+-----+-----+---+---+----+---+------+----+
only showing top 20 rows

Time to run query q3 is: 12s
+--------+                                                                      
|count(1)|
+--------+
|  138206|
+--------+

Time to run query Total records of q3 is: 11s
